INPUT 1:
enter the length of array:6
97
56
29
16
7
1

INPUT 2:
enter the length of array:10
34
62
4
62
295
325
128
51
968
2

INPUT 3 (1000 Random numbers):
enter the length of array:1000
206
636
312
932
403
905
384
351
438
986
993
731
802
634
880
874
793
122
535
204
965
383
968
471
302
981
265
315
433
530
193
636
941
21
279
562
426
516
716
326
223
976
808
361
537
817
529
669
861
982
799
532
102
76
971
636
119
620
514
830
463
449
406
380
473
413
228
317
357
307
224
928
264
580
938
522
701
977
960
946
781
468
647
873
310
802
789
938
98
539
541
12
815
303
277
34
847
778
924
73
485
523
586
493
338
418
736
859
803
291
580
506
868
437
621
950
496
827
44
202
851
341
57
968
957
812
922
856
974
941
295
843
499
651
122
24
21
219
591
847
286
643
653
361
240
268
806
118
310
71
330
957
688
508
652
792
761
223
872
767
479
179
946
451
236
342
136
568
775
942
218
271
217
935
852
280
126
244
941
210
236
55
209
288
1
213
44
580
189
219
60
797
765
960
903
588
500
307
659
156
464
171
350
379
931
949
151
871
536
513
88
292
511
351
675
138
714
207
949
138
646
893
246
342
995
217
371
165
553
162
424
254
268
215
761
866
848
390
187
545
932
269
925
852
202
656
473
784
870
409
794
505
413
791
19
483
346
634
55
775
862
505
537
488
376
129
855
307
866
985
91
855
25
161
513
848
277
669
177
702
548
323
136
825
748
237
930
153
989
336
111
783
501
139
985
39
976
734
336
374
260
669
259
359
418
22
233
176
285
508
241
193
330
883
249
990
509
570
415
291
722
258
70
220
241
614
863
530
870
265
362
598
696
329
397
403
753
276
721
324
256
547
79
588
866
725
79
776
163
82
862
151
231
374
179
301
363
601
627
499
933
705
575
877
483
972
212
463
216
402
567
998
270
167
566
428
940
584
970
93
919
738
386
362
375
261
846
972
757
90
200
231
326
673
698
660
575
30
702
175
632
741
391
94
59
996
964
542
0
5
212
865
410
313
970
875
874
998
927
42
423
271
139
766
967
896
513
451
508
416
667
335
817
331
643
956
38
703
883
223
570
635
133
436
554
356
529
526
186
969
630
397
482
596
245
772
685
718
616
367
576
847
683
573
448
769
797
767
976
950
169
186
341
1
324
264
672
219
34
735
291
443
544
361
615
657
837
516
339
796
556
630
759
992
419
700
71
878
829
854
657
436
606
13
120
818
321
566
561
479
507
589
385
275
184
722
500
308
468
97
498
31
19
65
815
61
553
441
92
859
971
701
978
610
1
409
161
971
691
474
251
844
224
402
448
167
655
380
690
592
8
879
881
46
739
894
448
387
68
787
599
103
373
999
622
573
583
267
501
786
615
451
480
425
767
612
147
619
340
568
352
614
859
530
903
414
93
175
245
94
628
299
868
139
434
198
238
138
905
579
412
767
659
102
446
287
631
146
125
11
892
267
711
854
946
767
940
622
625
972
986
588
639
902
735
708
340
887
440
984
419
262
992
746
887
806
825
60
113
344
818
403
420
126
172
415
701
787
842
769
41
792
455
648
176
810
885
870
539
771
537
587
244
13
831
602
884
721
221
875
992
975
71
569
507
51
906
738
170
372
159
164
163
576
992
595
945
389
688
673
301
650
739
606
777
126
326
55
625
39
665
352
623
855
733
2
788
642
193
180
799
359
809
54
596
1
620
770
269
310
372
111
509
395
823
504
311
908
604
92
93
602
411
377
198
890
670
610
301
686
604
476
310
404
96
224
289
852
19
882
260
764
688
371
253
344
539
691
804
700
802
111
293
778
849
371
887
969
185
644
851
646
786
926
276
870
33
710
166
17
414
463
87
255
534
846
823
415
735
719
454
247
75
923
641
615
525
845
593
415
292
988
474
362
579
65
226
611
652
55
782
729
117
894
16
625
218
971
665
101
303
343
32
592
831
331
760
488
975
586
630
309
99
350
84
633
927
195
312
869
694
995
143
740
299
690
486
179
994
206
11
648
72
579
904
73
883
298
901
178
43
592
802
530
608
683
415
276
741
493
956
711
968
507
470
20
572
412
437
551
557
759
410
443
269
177
925
254
976
329
55
245
860
691
250
121
494
8
446
322
428
103
687
101
345
794
292
722
118
797
427
12
401
939
782
838
328
326
727
453
533
554
847
785
307
272
600
339
720
556
560
633
983
866
817
861
663
396
450
937
792
275
703
85
893
785
218
387
975
449
214
554
723
528
835
634
965
607
82
625
392
551
879
188
917
688
176
134
361
540
544
694
864
120
802
849
577
652
975
548
647
511
278
53
920
538
440
278
730
69
35
14
124
23
68
975
729
335
691
241
